Per-Class Accuracy:
+--------------+-----------+-------------+
|   Speaker ID |   Correct |   Incorrect |
+==============+===========+=============+
|         2961 |       779 |           1 |
+--------------+-----------+-------------+
|         3575 |       758 |          22 |
+--------------+-----------+-------------+
|         1089 |       750 |          30 |
+--------------+-----------+-------------+
|          121 |       718 |          62 |
+--------------+-----------+-------------+
|         1320 |       780 |           0 |
+--------------+-----------+-------------+
|          237 |       776 |           4 |
+--------------+-----------+-------------+
|         4446 |       721 |          59 |
+--------------+-----------+-------------+
|         6829 |       778 |           2 |
+--------------+-----------+-------------+
|         4992 |       770 |          10 |
+--------------+-----------+-------------+
|         8455 |       777 |           3 |
+--------------+-----------+-------------+
|         7127 |       753 |          27 |
+--------------+-----------+-------------+
|         3729 |       705 |          75 |
+--------------+-----------+-------------+
|         2300 |       780 |           0 |
+--------------+-----------+-------------+
|         2094 |       737 |          43 |
+--------------+-----------+-------------+
|         1995 |       775 |           5 |
+--------------+-----------+-------------+
|         8555 |       717 |          63 |
+--------------+-----------+-------------+
|         4507 |       778 |           2 |
+--------------+-----------+-------------+
|         2830 |       738 |          42 |
+--------------+-----------+-------------+
|         5683 |       759 |          21 |
+--------------+-----------+-------------+
|         4077 |       778 |           2 |
+--------------+-----------+-------------+
|         7729 |       780 |           0 |
+--------------+-----------+-------------+
|         8224 |       780 |           0 |
+--------------+-----------+-------------+
|         6930 |       758 |          22 |
+--------------+-----------+-------------+
|           61 |       759 |          21 |
+--------------+-----------+-------------+
|         8230 |       779 |           1 |
+--------------+-----------+-------------+
|         1284 |       771 |           9 |
+--------------+-----------+-------------+
|         5639 |       780 |           0 |
+--------------+-----------+-------------+
|         4970 |       735 |          45 |
+--------------+-----------+-------------+
|         5142 |       771 |           9 |
+--------------+-----------+-------------+
|          908 |       769 |          11 |
+--------------+-----------+-------------+
|         1580 |       765 |          15 |
+--------------+-----------+-------------+
|         1221 |       777 |           3 |
+--------------+-----------+-------------+
|         1188 |       734 |          46 |
+--------------+-----------+-------------+
|         7176 |       730 |          50 |
+--------------+-----------+-------------+
|          672 |       704 |          76 |
+--------------+-----------+-------------+
|         7021 |       735 |          45 |
+--------------+-----------+-------------+
|         8463 |       777 |           3 |
+--------------+-----------+-------------+
|          260 |       756 |          24 |
+--------------+-----------+-------------+
|         5105 |       772 |           8 |
+--------------+-----------+-------------+
|         3570 |       780 |           0 |
+--------------+-----------+-------------+