Per-Class Accuracy:
+--------------+-----------+-------------+
|   Speaker ID |   Correct |   Incorrect |
+==============+===========+=============+
|         4992 |       729 |          51 |
+--------------+-----------+-------------+
|         1188 |       767 |          13 |
+--------------+-----------+-------------+
|         3575 |       764 |          16 |
+--------------+-----------+-------------+
|         1580 |       645 |         135 |
+--------------+-----------+-------------+
|         8455 |       752 |          28 |
+--------------+-----------+-------------+
|         3570 |       765 |          15 |
+--------------+-----------+-------------+
|         4970 |       763 |          17 |
+--------------+-----------+-------------+
|         7127 |       733 |          47 |
+--------------+-----------+-------------+
|         1089 |       699 |          81 |
+--------------+-----------+-------------+
|         2300 |       780 |           0 |
+--------------+-----------+-------------+
|         1995 |       778 |           2 |
+--------------+-----------+-------------+
|         1320 |       776 |           4 |
+--------------+-----------+-------------+
|         8230 |       774 |           6 |
+--------------+-----------+-------------+
|          121 |       685 |          95 |
+--------------+-----------+-------------+
|         8463 |       702 |          78 |
+--------------+-----------+-------------+
|         5639 |       754 |          26 |
+--------------+-----------+-------------+
|         3729 |       542 |         238 |
+--------------+-----------+-------------+
|         4077 |       768 |          12 |
+--------------+-----------+-------------+
|         8224 |       776 |           4 |
+--------------+-----------+-------------+
|         1284 |       671 |         109 |
+--------------+-----------+-------------+
|         2094 |       735 |          45 |
+--------------+-----------+-------------+
|           61 |       660 |         120 |
+--------------+-----------+-------------+
|         7021 |       737 |          43 |
+--------------+-----------+-------------+
|         5142 |       709 |          71 |
+--------------+-----------+-------------+
|          672 |       700 |          80 |
+--------------+-----------+-------------+
|         6829 |       767 |          13 |
+--------------+-----------+-------------+
|         7176 |       755 |          25 |
+--------------+-----------+-------------+
|         5683 |       752 |          28 |
+--------------+-----------+-------------+
|          260 |       721 |          59 |
+--------------+-----------+-------------+
|         4507 |       704 |          76 |
+--------------+-----------+-------------+
|          237 |       780 |           0 |
+--------------+-----------+-------------+
|         2830 |       691 |          89 |
+--------------+-----------+-------------+
|         2961 |       780 |           0 |
+--------------+-----------+-------------+
|         7729 |       738 |          42 |
+--------------+-----------+-------------+
|          908 |       708 |          72 |
+--------------+-----------+-------------+
|         6930 |       645 |         135 |
+--------------+-----------+-------------+
|         8555 |       677 |         103 |
+--------------+-----------+-------------+
|         1221 |       778 |           2 |
+--------------+-----------+-------------+
|         4446 |       657 |         123 |
+--------------+-----------+-------------+
|         5105 |       682 |          98 |
+--------------+-----------+-------------+