Per-Class Accuracy:
+--------------+-----------+-------------+
|   Speaker ID |   Correct |   Incorrect |
+==============+===========+=============+
|         3575 |       754 |          26 |
+--------------+-----------+-------------+
|          908 |       758 |          22 |
+--------------+-----------+-------------+
|         7729 |       780 |           0 |
+--------------+-----------+-------------+
|         1221 |       777 |           3 |
+--------------+-----------+-------------+
|         4446 |       729 |          51 |
+--------------+-----------+-------------+
|         2300 |       780 |           0 |
+--------------+-----------+-------------+
|         8455 |       770 |          10 |
+--------------+-----------+-------------+
|         2094 |       755 |          25 |
+--------------+-----------+-------------+
|         2830 |       760 |          20 |
+--------------+-----------+-------------+
|         3570 |       780 |           0 |
+--------------+-----------+-------------+
|         1995 |       766 |          14 |
+--------------+-----------+-------------+
|         7127 |       760 |          20 |
+--------------+-----------+-------------+
|         7176 |       779 |           1 |
+--------------+-----------+-------------+
|         5639 |       774 |           6 |
+--------------+-----------+-------------+
|         1580 |       717 |          63 |
+--------------+-----------+-------------+
|         4992 |       778 |           2 |
+--------------+-----------+-------------+
|         4077 |       778 |           2 |
+--------------+-----------+-------------+
|          260 |       722 |          58 |
+--------------+-----------+-------------+
|          121 |       763 |          17 |
+--------------+-----------+-------------+
|         4507 |       751 |          29 |
+--------------+-----------+-------------+
|          237 |       770 |          10 |
+--------------+-----------+-------------+
|         6930 |       760 |          20 |
+--------------+-----------+-------------+
|         5683 |       765 |          15 |
+--------------+-----------+-------------+
|         7021 |       762 |          18 |
+--------------+-----------+-------------+
|         1089 |       738 |          42 |
+--------------+-----------+-------------+
|         3729 |       669 |         111 |
+--------------+-----------+-------------+
|          672 |       694 |          86 |
+--------------+-----------+-------------+
|         1320 |       764 |          16 |
+--------------+-----------+-------------+
|         8230 |       780 |           0 |
+--------------+-----------+-------------+
|         5105 |       778 |           2 |
+--------------+-----------+-------------+
|         5142 |       780 |           0 |
+--------------+-----------+-------------+
|         2961 |       780 |           0 |
+--------------+-----------+-------------+
|         8555 |       753 |          27 |
+--------------+-----------+-------------+
|           61 |       733 |          47 |
+--------------+-----------+-------------+
|         8224 |       780 |           0 |
+--------------+-----------+-------------+
|         1188 |       775 |           5 |
+--------------+-----------+-------------+
|         4970 |       761 |          19 |
+--------------+-----------+-------------+
|         8463 |       762 |          18 |
+--------------+-----------+-------------+
|         6829 |       730 |          50 |
+--------------+-----------+-------------+
|         1284 |       741 |          39 |
+--------------+-----------+-------------+